1010
1024
1088
1163
1197
1247
1271
1278
130
1332
1406
1451
1464
1482
1512
1520
1523
1543
1557
161
1655
1692
1757
1776
178
1790
1801
1808
1839
1861
186
1918
1942
1989
1991
2036
2101
2181
2184
2215
2230
2280
2284
229
2301
2305
2306
2320
2343
2395
2412
2516
2522
2544
2566
258
2653
2659
2664
2684
2713
2720
272
2743
2754
2871
2932
2980
2989
2993
3004
3024
3051
305
3076
311
3147
3154
3175
3217
3234
3260
3303
3531
3606
3671
3761
3798
3849
3858
3968
3971
4017
4127
4160
4218
422
4356
4358
4376
4439
4474
4479
4571
4811
4849
4944
4980
4998
5009
596
619
634
687
706
709
736
79
7
815
824
841
880
887
979
