1008
1010
101
1024
1037
1045
1050
1055
1057
1058
1076
1077
1081
1087
1088
1104
1114
1124
1151
1163
1167
1197
1198
1210
1215
1236
1246
1247
1251
1259
1265
1271
1278
1285
1303
130
1332
1336
1344
137
1382
1388
1390
1393
1406
1409
140
1424
1434
1451
1457
1458
1463
1464
1482
148
1512
1515
1520
1523
1525
1543
1547
1557
1560
1567
1570
1585
158
1608
1609
161
1623
1624
1626
1651
1655
1670
1682
1692
1697
1704
1736
1757
1758
1775
1776
1779
1787
178
1790
1793
1796
1797
1801
1802
1805
1808
1809
1824
1828
1830
1837
1838
1839
1851
1861
186
187
1890
1892
1893
1894
1896
1918
1938
1939
1940
1941
1942
194
1959
1976
1980
1988
1989
1991
2005
2011
2012
2016
2018
2033
2036
2046
2073
2077
2084
2098
209
2101
2104
2110
2132
2136
2138
2158
2164
2181
2184
2215
2230
2255
2259
2263
2264
2280
2284
229
2301
2305
2306
2308
2319
2320
2330
2331
2332
2333
2334
2343
2349
2351
2356
235
2385
2392
2394
2395
23
2410
2412
2433
2465
2467
2495
2516
2517
2522
2529
2532
2538
2539
2544
2566
2580
2588
258
260
2618
2619
262
2634
2643
2649
2653
2656
2659
2664
2671
2680
2684
2704
2711
2713
2718
2720
2722
272
2732
2742
2743
274
2754
2763
277
2791
2799
27
2812
2865
2868
2871
2902
2903
2911
292
2932
2934
2947
2957
2961
2962
2964
2968
2980
2989
2992
2993
3002
3004
3006
3024
3034
3051
3058
305
306
3074
3076
3078
3086
3093
3099
311
3123
3145
3147
3149
3154
3166
3175
3181
3183
3185
3217
3219
3227
322
3234
3242
3260
3267
3272
3279
3288
3291
3303
3306
3307
3331
3336
338
3393
3427
3435
343
3459
3470
3473
3478
3499
3508
3519
3531
353
3562
3570
3577
3600
3603
3606
3612
3615
3622
3644
3646
3653
3669
3671
3685
3703
3709
372
373
3746
375
3761
3762
3765
3773
377
3789
3793
3798
37
3800
3802
3849
3852
3858
3860
3864
388
3890
3903
3909
3921
393
3944
3947
3968
3971
3974
3989
39
4013
4017
401
4021
4025
4028
4041
4051
4054
4057
4073
4108
4114
4127
4129
413
4160
4178
4183
4194
4205
4218
422
4239
4242
4253
4277
4356
4358
4359
4376
4378
4427
4439
4453
4459
4474
4476
4477
4479
4484
4485
4489
4493
4506
4518
4523
4547
454
4556
4571
4577
4581
459
460
4646
4650
4663
4730
4739
4751
4771
4772
4794
4798
4811
4837
483
4843
4849
484
4869
4871
4875
4882
4890
4904
4914
4932
4944
4946
4952
4953
495
4975
4980
4981
4986
4992
4998
5002
5009
5019
542
562
573
574
575
576
592
596
59
60
619
61
626
634
637
66
674
675
676
682
685
687
68
694
69
706
709
730
733
736
746
748
75
760
780
791
79
7
814
815
824
837
841
857
862
870
879
880
887
90
914
916
952
979
982
990
999
