25
2822
8515
955
1100
1101
1102
1103
1104
1105
1106
1107
1108
1109
110
1110
1111
1112
1113
1114
1115
1116
1117
1118
1119
111
1120
1121
1122
1123
1124
1125
1126
1127
1128
1129
112
1130
1131
1132
1133
1134
1135
1136
1137
1138
1139
113
1140
1141
1142
1143
1144
1145
114
115
116
117
118
119
11
120
121
122
123
124
125
126
127
128
129
12
130
131
132
133
134
135
136
137
138
139
13
140
141
142
143
144
145
146
147
148
149
14
150
151
152
153
154
155
156
157
158
159
15
160
161
162
163
164
165
166
167
168
169
16
170
171
172
173
174
175
176
178
179
17
180
181
182
183
184
185
186
187
188
189
18
190
191
192
193
194
195
196
197
198
199
19
