1011
1128
1129
1243
1304
131
1433
1497
1545
1615
1645
1694
1695
1698
1732
173
1772
1777
1789
1803
1851
186
1959
1967
1971
2165
2170
2207
2215
2231
223
2294
233
235
2364
2375
2515
2516
2530
2537
2563
2573
2588
2590
2591
2664
268
2692
2704
2746
3001
3152
318
319
3299
3318
3373
3382
3418
3425
3442
3449
3491
3514
3515
3517
3532
3568
3570
360
361
3627
3724
3791
3880
3914
3915
3968
3990
4077
4103
4275
4292
4294
4295
4369
4491
4496
4549
4583
4628
4680
4697
4775
4776
4839
4841
4846
4875
490
5021
5039
5051
5146
5162
5293
5466
5551
555
5706
597
598
6128
6240
6260
6516
6538
6582
678
7032
7340
7481
7484
7580
7869
789
8002
8039
8114
8153
8231
8240
8390
8655
8974
9112
9146
922
9234
9351
93
966
969
9739
9893
